61,4
59,4
60,5
58,5
62,4
14,7
14,8
55,4
57,4
56,4
54,4
14,5
0,433
3,2
3,1
3,3
10,257
10,200
10,74
10,90
10,29
10,225
10,111
10,132
10,2
10,3
69,3
69,2
69,1
69,0
68,4
68,3
11,29
11,23
68,2
11,21
68,1
68,0
67,4
67,3
67,2
67,1
67,0
66,5
66,4
66,3
9,5
9,7
9,2
9,3
66,2
66,1
66,0
65,3
65,2
65,1
65,0
64,3
8,9
8,6
8,4
64,2
64,1
64,0
63,3
8,14
63,2
63,1
63,0
62,5
8,8
8,2
8,3
62,3
0,390
62,1
61,3
61,1
60,3
60,1
59,3
59,1
58,3
58,1
57,3
57,1
56,3
56,1
55,3
55,1
54,3
54,1
42,3
42,1
41,3
41,1
20,3
20,2
20,1
19,3
19,2
19,1
12,3
